 1  89 0  1
 1  89 1 -180  1
 1  88 0  1
 1  88 1 -180  1
 1  87 0  1
 1  87 1 -180  1
 1  86 0  1
 1  86 1 -180  1
 1  85 0  1
 1  85 1 -180  1
 1  84 0  1
 1  84 1 -180  1
 1  83 0  1
 1  83 1 -180  1
 1  82 0  3
 1  82 1 -180  1    6  2   26  1
 1  81 0  7
 1  81 1 -180  1   -1  2   12  4   18  2   26  1   40  2   45  1
 1  80 0  9
 1  80 1 -180  1   -1  2    6  4    9  2   13  4   18  2   26  1   38  2   45  1
 1  79 0  7
 1  79 1 -180  1   -2  2    6  4   17  2   23  1   38  2   47  1
 1  78 0  7
 1  78 1 -180  1   -5  2    8  4   15  2   23  1   38  2   47  1
 1  77 0  9
 1  77 1 -180  1   -8  2   -1  3    4  2    8  4   19  2   26  1   30  2   47  1
 1  76 0  7
 1  76 1 -180  1   -9  2   -4  3    6  2    8  4   19  2   55  1
 1  75 0  7
 1  75 1 -180  1  -12  2   -7  3    7  2    9  4   19  2   55  1
 1  74 0 10
 1  74 1 -180  1  -11  3    7  2    8  4   16  5   17  4   19  2   21  4   32  2
 1  74 2   55  1
 1  73 0  7
 1  73 1 -180  1  -11  3    6  4   16  5   18  4   34  2   55  1
 1  72 0  7
 1  72 1 -180  1  -11  3    2  4   14  5   21  4   35  2   55  1
 1  71 0  8
 1  71 1 -180  1  -10  3   -7  1   -1  5   23  4   36  2   49  4   55  1
 1  70 0  7
 1  70 1 -180  1   -6  4   -3  5   25  4   40  2   49  4   58  1
 1  69 0  7
 1  69 1 -180  1   -8  4   -1  5   25  4   41  2   47  4   61  1
 1  68 0  5
 1  68 1 -180  1   -8  4    1  5   25  4   61  1
 1  67 0  6
 1  67 1 -180  1   -8  4    2  5   25  1   35  4   61  1
 1  66 0 13
 1  66 1 -180 47 -175  1  -31 11  -27  1  -25 10  -22  1   -8  4    3  5   25  1
 1  66 2   45  4   61  1   90 76  164 47
 1  65 0 12
 1  65 1 -180 47 -175  1  -59 12  -35 11  -26 10  -22  1   -7  4    3  5   15  7
 1  65 2   30  1   90 76  164 47
 1  64 0 16
 1  64 1 -180 47 -100  1  -59 12  -37 11  -28 10  -17  9  -12  1  -10  4   -9  1
 1  64 2   -8  4    3  5    8  6   15  7   30  1   90 76  164 47
 1  63 0 15
 1  63 1 -180 47 -100  1  -61 12  -37 11  -26 10  -17  9  -11  4   -1  5    0  4
 1  63 2    1  5    5  6   15  7   30  1   90 76  164 47
 1  62 0 13
 1  62 1 -180 47 -100  1  -61 12  -35 11  -28 10  -20  9   -8  5   -6  4   -3  5
 1  62 2    4  6   15  7   90 76  164 47
 1  61 0 12
 1  61 1 -180 47 -155 48 -100  1  -64 12  -35 11  -28 10  -25  9   -8  5    2  6
 1  61 2   15  7   90 76  164 47
 1  60 0 13
 1  60 1 -180 47 -155 48 -145 49 -100  1  -64 12  -35 11  -30 10  -26  9   -8  5
 1  60 2    2  6   15  7   90 76  164 47
 1  59 0 14
 1  59 1 -180 47 -165 48 -145 49 -100  1  -65 12  -35 11  -31 10  -26  9  -14  8
 1  59 2   -3  5    2  6   15  7   90 76  162 47
 1  58 0 14
 1  58 1 -180 48 -146 49 -100  1  -65 12  -35 11  -31 10  -24  9  -18  8   -3  5
 1  58 2    2  6   15  7   90 76  160 47  174 48
 1  57 0 14
 1  57 1 -180 48 -141 49 -100  1  -65 12  -36 11  -29 10  -24  9  -20  8   -5  5
 1  57 2    2  6   15  7   90 76  160 47  173 48
 1  56 0 14
 1  56 1 -180 48 -142 49 -100  1  -65 12  -36 11  -30 10  -25  9  -21  8   -5  5
 1  56 2    5  6   15  7   90 76  160 47  173 48
 1  55 0 16
 1  55 1 -180 48 -142 49  -90  1  -65 12  -37 11  -30 10  -29 11  -27 10  -24  9
 1  55 2  -20  8   -5  5    9  6   15  7   90 76  160 47  173 48
 1  54 0 14
 1  54 1 -180 48 -142 49  -90  1  -65 12  -37 11  -26 10  -24  9  -20  8   -2  5
 1  54 2    9  6   15  7   90 76  157 47  170 48
 1  53 0 14
 1  53 1 -180 48 -142 49  -90  1  -65 12  -37 11  -27 10  -22  9  -19  8   -2  5
 1  53 2    9  6   15  7   90 76  157 47  170 48
 1  52 0 13
 1  52 1 -180 48 -141 49  -90  1  -65 12  -38 11  -29 10  -24  9  -19  8  -14 15
 1  52 2    0  5   90 76  157 47  170 48
 1  51 0 17
 1  51 1 -180 48 -141 49  -90  1  -65 12  -43 10  -42 12  -40 10  -37 11  -34 10
 1  51 2  -28  9  -21  8  -15 15    0  5   90 77  143 76  157 47  170 48
 1  50 0 14
 1  50 1 -180 48 -141 49  -90 12  -44 10  -37 11  -36 10  -31  9  -22  8  -18 15
 1  50 2    0  5   90 77  143 76  156 47  170 48
 1  49 0 17
 1  49 1 -180 48 -141 49  -90 12  -43  9  -38 10  -35  9  -33 10  -31  9  -27  8
 1  49 2  -26  9  -25  8  -19 15    0  5   90 77  143 76  155 47  170 48
 1  48 0 15
 1  48 1 -180 48 -150 49 -148 48 -146 49  -90 12  -43  9  -32 10  -31  9  -28  8
 1  48 2  -19 15    0  5   90 77  142 76  153 47  172 48
 1  47 0 16
 1  47 1 -180 48 -159 49  -90 12  -42  9  -41 15  -40  9  -28  8  -21 15  -11 16
 1  47 2  -10 15    0 44   27 46   90 77  142 76  153 47  172 48
 1  46 0 24
 1  46 1 -180 49 -178 48 -161 49  -90 12  -43  9  -41 15  -39  9  -28 15  -25  8
 1  46 2  -22 15  -15 16  -13 15  -11 16    0 44   27 46   90 77  142 76  151 47
 1  46 3  161 48  163 47  164 48  166 47  172 48  179 49
 1  45 0 24
 1  45 1 -180 49 -172 48 -170 49 -128 50  -90 12  -45  9  -41 15  -40  9  -34 15
 1  45 2  -30  9  -29 15  -25  8  -23 15  -16 16    0 44   27 46   90 77  141 78
 1  45 3  142 76  149 47  161 48  166 47  170 48  174 49
 1  44 0 16
 1  44 1 -180 49 -132 50  -90 12  -45  9  -43 15  -40  9  -33 15  -16 16    0 44
 1  44 2   27 46   90 77  140 78  142 76  148 47  159 48  173 49
 1  43 0 24
 1  43 1 -180 49 -169 50 -167 49 -134 50  -90 12  -61 10  -60 12  -57 10  -53 12
 1  43 2  -47 15  -40  9  -37 15  -19 16  -10 17   -8 16    0 44   27 46   90 77
 1  43 3  139 78  142 47  154 48  160 49  162 48  172 49
 1  42 0 25
 1  42 1 -180 49 -177 50 -157 49 -152 50 -150 49 -145 50  -90 12  -66 10  -55  9
 1  42 2  -53 12  -48  9  -47 15  -26 16  -25 15  -19 16  -10 17    0 44   27 46
 1  42 3   90 77  140 78  141 47  153 49  164 48  167 49  179 50
 1  41 0 26
 1  41 1 -180 49 -178 50  -90 12  -68 10  -62  9  -50 12  -49  9  -45 15  -26 16
 1  41 2  -23 15  -21 16  -17 17  -16 16  -11 17    0 44   27 46   90 78  127 77
 1  41 3  139 78  141 47  150 49  168 50  170 49  171 50  174 49  178 50
 1  40 0 28
 1  40 1 -180 50  -90 10  -65  9  -54 13  -53  9  -46 15  -26 16  -24 15  -22 16
 1  40 2  -17 17  -14 16  -13 17  -12 16  -11 17    0 44   16 45   22 44   27 45
 1  40 3   35 46   90 78  127 77  139 78  141 50  142 47  150 49  157 50  158 49
 1  40 4  162 50
 1  39 0 30
 1  39 1 -180 50  -90 10  -66  9  -61 13  -60  9  -59 13  -56  9  -54 13  -53  9
 1  39 2  -47 15  -26 16  -20 17   -6 44   16 45   22 44   24 45   90 78  127 77
 1  39 3  135 78  136 77  137 78  141 50  142 47  148 50  151 49  152 50  155 49
 1  39 4  156 50  158 49  161 50
 1  38 0 33
 1  38 1 -180 50 -178 51 -175 50 -173 51 -172 50  -90 10  -69  9  -65 13  -60  9
 1  38 2  -59 13  -48 15  -43 13  -42 15  -33 16  -29 15  -26 16  -20 17   -6 44
 1  38 3   16 45   22 44   24 45   90 78  127 77  132 78  133 77  134 78  140 50
 1  38 4  145 47  146 50  151 49  152 50  168 51  170 50
 1  37 0 24
 1  37 1 -180 51 -157 50  -90 10  -71 13  -48 15  -47 13  -42 15  -36 16  -27 15
 1  37 2  -24 16  -17 17   -6 44   13 45   90 78  127 77  130 78  140 50  156 51
 1  37 3  159 50  160 51  161 50  168 51  171 50  175 51
 1  36 0 22
 1  36 1 -180 51 -148 50  -90 10  -72 13  -70 14  -66 13  -45 15  -43 13  -41 15
 1  36 2  -37 16  -18 17   -6 44   10 45   90 78  140 50  142 80  145 50  157 51
 1  36 3  163 50  168 51  171 50  173 51
 1  35 0 23
 1  35 1 -180 51 -144 50  -90 10  -74 14  -66 13  -44 15  -39 18  -38 15  -37 16
 1  35 2  -21 17  -20 16  -18 17   -6 44   10 45   90 78  136 80  143 53  144 50
 1  35 3  149 52  153 50  159 51  162 50  164 51
 1  34 0 18
 1  34 1 -180 51 -141 50  -90 13  -74 14  -63 13  -44 15  -40 18  -35 16  -21 17
 1  34 2    0 45   90 80  140 53  144 52  147 50  148 52  156 50  158 52  160 51
 1  33 0 24
 1  33 1 -180 51 -138 50  -90 13  -75 14  -61 13  -40 18  -35 16  -33 18  -27 17
 1  33 2  -25 16  -24 17    0 45   90 80  135 53  136 79  139 53  145 52  149 53
 1  33 3  152 52  160 51  161 52  162 51  164 52  176 51
 1  32 0 20
 1  32 1 -180 51 -128 50  -90 13  -75 14  -68 13  -67 14  -62 13  -60 14  -59 13
 1  32 2  -42 18  -27 17    0 45   90 80  126 53  130 80  134 53  136 80  138 53
 1  32 3  152 52  178 51
 1  31 0 29
 1  31 1 -180 51 -127 50 -124 51 -122 50 -120 51 -115 57  -90 13  -75 14  -68 13
 1  31 2  -64 14  -62 13  -61 14  -59 13  -42 18  -28 17  -22 18  -20 17  -13 18
 1  31 3    0 45   90 80  126 53  130 80  133 53  136 80  139 53  149 52  150 53
 1  31 4  152 52  178 51
 1  30 0 25
 1  30 1 -180 52 -179 51 -122 50 -120 51 -115 57  -90 41  -82 13  -75 14  -72 13
 1  30 2  -64 14  -63 13  -61 14  -60 13  -43 18  -28 17  -24 18  -21 17  -15 18
 1  30 3    0 45   45 73   90 80  126 53  130 80  132 53  149 52
 1  29 0 18
 1  29 1 -180 52 -175 51 -163 52 -161 51 -115 57 -100 41  -82 13  -76 14  -71 13
 1  29 2  -64 14  -60 13  -43 18  -11 19    0 75   45 73   90 79  123 53  150 52
 1  28 0 19
 1  28 1 -180 52 -171 51 -165 52 -157 51 -150 57 -149 51 -114 57 -100 41  -82 40
 1  28 2  -79 13  -76 14  -70 13  -44 18  -14 19    0 75   45 73   90 79  123 53
 1  28 3  150 52
 1  27 0 17
 1  27 1 -180 52 -155 51 -152 57 -149 51 -114 57 -100 41  -81 40  -79 13  -76 14
 1  27 2  -73 13  -44 18  -16 19    0 75   45 73   90 79  123 53  151 52
 1  26 0 18
 1  26 1 -180 52 -152 57 -148 51 -112 57 -100 41  -81 40  -79 13  -75 14  -73 13
 1  26 2  -45 18  -16 19    0 75   45 73   90 79  123 53  151 52  170 53  172 52
 1  25 0 18
 1  25 1 -180 52 -152 57 -142 51 -112 57 -100 41  -88 42  -86 41  -81 40  -79 13
 1  25 2  -45 18  -17 19    0 75   45 73   90 79  123 53  151 52  165 53  172 52
 1  24 0 20
 1  24 1 -180 52 -152 57 -142 51 -111 57 -100 41  -88 42  -85 41  -81 40  -80 13
 1  24 2  -46 18  -23 19  -21 18  -18 19    0 75   45 73   90 79  121 53  152 52
 1  24 3  164 53  172 52
 1  23 0 22
 1  23 1 -180 52 -152 57 -142 51 -110 57 -100 41  -87 42  -84 40  -80 13  -46 18
 1  23 2  -43 19  -36 18  -28 19    0 75   45 73   90 70   99 79  121 53  152 52
 1  23 3  154 53  156 52  165 53  173 52
 1  22 0 22
 1  22 1 -180 52 -151 57 -137 51 -110 57 -100 41  -86 42  -84 40  -83 42  -80 13
 1  22 2  -47 20  -45 18  -43 19  -33 18  -28 19    0 75   45 73   77 70   99 79
 1  22 3  120 53  155 52  161 53  173 52
 1  21 0 24
 1  21 1 -180 52 -151 57 -137 51 -124 57 -123 51 -113 57 -100 41  -86 42  -78 13
 1  21 2  -58 20  -57 13  -56 20  -54 13  -50 20  -44 19  -18 21    0 75   45 73
 1  21 3   77 70   99 79  120 53  155 52  159 53  173 52
 1  20 0 24
 1  20 1 -180 52 -151 57 -137 51 -135 57 -130 51 -127 57 -122 51 -117 57 -115 51
 1  20 2 -113 57 -100 41  -87 42  -76 13  -66 20  -44 19  -20 21    0 75   45 73
 1  20 3   77 70   99 79  121 53  156 52  159 53  173 52
 1  19 0 16
 1  19 1 -180 52 -151 57 -130 51 -126 57 -100 41  -87 42  -72 13  -70 20  -44 19
 1  19 2  -28 21    0 75   45 73   77 70   99 79  121 53  172 52
 1  18 0 20
 1  18 1 -180 52 -150 57 -130 51 -126 57 -100 41  -87 42  -85 41  -84 42  -72 40
 1  18 2  -69 20  -48 21  -45 20  -44 19  -27 21    0 75   45 73   77 70   99 79
 1  18 3  121 53  172 52
 1  17 0 19
 1  17 1 -180 52 -150 57 -130 51 -128 57  -90 41  -82 40  -81 42  -72 40  -63 20
 1  17 2  -54 21  -42 19  -27 21    0 75   45 73   77 70   95 74   99 79  121 53
 1  17 3  172 52
 1  16 0 14
 1  16 1 -180 52 -150 57  -90 41  -82 40  -78 42  -72 40  -62 21    0 75   45 73
 1  16 2   77 70   95 74   99 79  121 53  172 52
 1  15 0 15
 1  15 1 -180 52 -157 57  -90 41  -82 40  -65 41  -61 21    0 75   45 73   77 70
 1  15 2   94 74   99 79  121 53  124 52  126 53  174 52
 1  14 0 21
 1  14 1 -180 52 -161 57  -90 41  -82 40  -68 41  -61 21  -30 22  -28 21  -25 22
 1  14 2  -22 21    0 75   45 73   70 72   72 73   77 70   94 74   99 79  121 53
 1  14 3  124 52  126 53  173 52
 1  13 0 22
 1  13 1 -180 52 -161 57  -85 41  -81 40  -78 41  -77 40  -75 41  -61 21  -31 22
 1  13 2  -21 21  -20 22    0 75   45 73   66 72   73 73   77 70   93 74   99 79
 1  13 3  121 81  123 52  128 53  171 52
 1  12 0 21
 1  12 1 -180 52 -161 57  -85 41  -80 40  -78 41  -61 21  -35 22    0 45   45 73
 1  12 2   54 72   55 73   66 72   77 70   93 74   99 79  121 81  123 52  128 53
 1  12 3  142 52  144 53  170 52
 1  11 0 25
 1  11 1 -180 52 -173 57 -169 52 -161 57  -85 41  -62 21  -58 22  -56 21  -53 22
 1  11 2    0 45   45 73   52 72   56 73   61 72   77 70   92 74   99 79  120 81
 1  11 3  125 52  136 53  139 52  150 53  159 52  162 53  166 52
 1  10 0 21
 1  10 1 -180 52 -153 57  -84 41  -66 43  -64 41  -62 21  -59 22    0 45   45 73
 1  10 2   48 72   55 73   57 72   59 73   61 72   77 70   92 74   99 79  119 81
 1  10 3  125 52  150 53  157 52
 1   9 0 11
 1   9 1 -180 52 -177 57  -83 41  -62 21  -59 22    0 72   77 70   93 74   99 79
 1   9 2  118 81  126 52
 1   8 0 15
 1   8 1 -180 52 -177 57  -82 41  -81 57  -78 41  -70 21  -58 22    0 72   77 70
 1   8 2   93 74   99 79  117 81  126 52  155 53  156 52
 1   7 0 14
 1   7 1 -180 52 -176 53 -175 57  -70 21  -58 22    0 72   77 70   93 74  100 79
 1   7 2  117 81  122 82  125 52  155 53  158 52
 1   6 0 20
 1   6 1 -180 52 -178 53 -175 57 -170 53 -158 57  -70 22   -5 23   30 72   72 70
 1   6 2   75 72   76 70   93 74  100 79  117 81  122 82  125 52  155 53  157 52
 1   6 3  169 53  170 52
 1   5 0 19
 1   5 1 -180 53 -175 57 -171 53 -153 57  -70 22   -5 23   30 72   72 70   94 74
 1   5 2  100 79  117 81  120 82  126 52  133 53  134 52  154 53  157 52  168 53
 1   5 3  173 52
 1   4 0 23
 1   4 1 -180 53 -175 57 -172 53 -153 57  -70 22  -23 23  -18 22   -5 23   30 70
 1   4 2   48 72   73 70   94 74  100 79  116 82  125 52  132 53  134 52  142 53
 1   4 3  144 52  154 53  164 52  166 53  176 52
 1   3 0 22
 1   3 1 -180 53 -176 57 -172 53 -153 57  -70 22  -23 23  -18 22  -14 23  -12 22
 1   3 2   -5 23   30 70   48 72   73 70   95 74  100 79  116 82  125 52  129 53
 1   3 3  138 52  140 53  148 52  150 53
 1   2 0 15
 1   2 1 -180 53 -176 57 -174 53 -153 57  -70 22  -23 23   30 70   47 72   58 70
 1   2 2   61 72   73 70  100 79  116 82  125 52  129 53
 1   1 0 13
 1   1 1 -180 53 -153 57  -70 22  -24 23   30 70   50 72   57 70   66 72   68 70
 1   1 2  100 79  116 82  125 52  129 53
 1   0 0 12
 1   0 1 -180 53 -152 57  -70 22  -24 23   30 70  100 79  116 82  120 52  128 85
 1   0 2  129 53  155 55  158 53
 1  -1 0 14
 1  -1 1 -180 53 -152 57  -70 22  -28 25  -24 23   20 70  101 79  110 82  120 52
 1  -1 2  127 83  128 85  130 53  157 55  159 53
 1  -2 0 15
 1  -2 1 -180 53 -152 57  -70 22  -35 25  -13 23   20 70  101 79  115 82  120 52
 1  -2 2  122 83  123 52  127 83  134 53  156 55  160 53
 1  -3 0 15
 1  -3 1 -180 53 -152 57  -70 22  -38 25  -13 23   20 70  101 71  104 79  115 82
 1  -3 2  120 83  134 53  144 55  151 53  156 55  160 53
 1  -4 0 23
 1  -4 1 -180 53 -152 57  -70 22  -36 25  -12 23   20 70   56 71   58 70   73 71
 1  -4 2   77 70   90 71   91 70   96 71   98 70  101 71  104 83  115 82  120 83
 1  -4 3  135 53  144 55  153 53  155 55  162 53
 1  -5 0 24
 1  -5 1 -180 53 -152 57  -70 22  -35 25  -12 23   20 70   47 71   48 70   55 71
 1  -5 2   65 70   67 71   68 70   73 71   77 70   85 71   91 70   96 71   98 70
 1  -5 3  101 71  104 83  115 82  120 83  142 55  165 53
 1  -6 0 24
 1  -6 1 -180 53 -152 57 -145 53 -142 57  -70 22  -34 25  -10 24   -9 23   20 71
 1  -6 2   43 70   47 71   49 70   53 71   69 70   70 71   92 70   93 71   99 70
 1  -6 3  100 71  106 83  115 82  119 83  142 55  164 53
 1  -7 0 12
 1  -7 1 -180 53 -131 57  -70 22  -34 25  -10 24   -8 23   20 71   50 70   51 71
 1  -7 2  108 83  142 55  165 53
 1  -8 0 17
 1  -8 1 -180 53 -168 54 -166 53 -162 54 -160 53 -130 57  -70 22  -34 25  -10 24
 1  -8 2   -8 23   -3 24   -2 23   20 71  108 84  112 83  142 55  166 53
 1  -9 0 21
 1  -9 1 -180 53 -172 54 -170 53 -168 54 -160 53 -130 57  -70 22  -33 25  -12 24
 1  -9 2   -8 23   -4 24    2 23   20 71  105 84  106 71  108 84  120 83  127 84
 1  -9 3  131 83  142 55  169 53
 1 -10 0 17
 1 -10 1 -180 53 -172 54 -159 53 -130 57  -70 22  -33 25  -12 24    2 23   20 71
 1 -10 2   45 69   47 71  104 84  120 83  124 84  131 83  142 55  170 53
 1 -11 0 15
 1 -11 1 -180 54 -140 53 -130 57  -70 22  -34 25  -13 24    1 23   20 69   50 71
 1 -11 2  106 84  122 83  123 84  131 83  142 55  172 53
 1 -12 0 12
 1 -12 1 -180 54 -129 57  -70 26  -24 25  -13 24    6 23   20 69   50 71  106 84
 1 -12 2  131 83  142 55  173 53
 1 -13 0 18
 1 -13 1 -180 55 -179 54 -112 57  -70 26  -24 25  -13 24    7 23   20 69   49 71
 1 -13 2   77 69   79 71  118 84  121 71  124 84  131 83  142 55  173 53  175 55
 1 -14 0 16
 1 -14 1 -180 54 -112 57  -70 26  -37 27  -36 26  -24 25  -13 24    8 23    9 24
 1 -14 2   20 69   49 71   77 69   79 71  124 84  131 83  142 55
 1 -15 0 14
 1 -15 1 -180 54 -113 57  -70 26  -38 27  -36 26  -24 25  -13 24   20 69   51 71
 1 -15 2   76 69   79 71  124 84  131 83  142 55
 1 -16 0 17
 1 -16 1 -180 54 -113 57  -70 26  -38 27  -35 26  -20 25  -13 24   20 69   53 71
 1 -16 2   60 69   63 71   75 69   78 71   85 69   88 71  131 83  142 55
 1 -17 0 20
 1 -17 1 -180 56 -179 54 -113 57  -78 59  -70 26  -38 27  -32 26  -18 25  -13 24
 1 -17 2   20 69   54 71   56 69   58 71   60 69   78 71   79 69   88 71  131 83
 1 -17 3  142 55  178 56
 1 -18 0 16
 1 -18 1 -180 56 -179 54 -113 57  -79 59  -70 26  -38 27  -32 26  -11 24   20 69
 1 -18 2   58 71   59 69   88 71  131 83  142 56  155 55  178 56
 1 -19 0 15
 1 -19 1 -180 56 -179 54 -114 57  -79 59  -70 26  -38 27  -27 26  -10 24   20 69
 1 -19 2   88 71  142 56  156 55  163 56  165 55  178 56
 1 -20 0 14
 1 -20 1 -180 56 -179 54 -114 57  -80 59  -70 26  -38 27  -27 26  -10 24   10 28
 1 -20 2   20 69   88 71  142 56  166 55  177 56
 1 -21 0 14
 1 -21 1 -180 56 -179 54 -114 57  -81 59  -70 26  -38 27  -27 26   -9 24    9 28
 1 -21 2   20 69   88 71  142 56  166 55  176 56
 1 -22 0 14
 1 -22 1 -180 56 -179 54 -114 57  -82 59  -70 26  -40 27  -28 26   -9 24    7 28
 1 -22 2   20 69   88 71  142 56  171 55  175 56
 1 -23 0 14
 1 -23 1 -180 56 -179 54 -115 57  -83 59  -70 26  -40 27  -28 26   -9 24    6 28
 1 -23 2   20 69   88 71  142 56  171 55  172 56
 1 -24 0 16
 1 -24 1 -180 56 -179 54 -150 58 -148 54 -138 58 -134 54 -115 57  -83 59  -70 26
 1 -24 2  -41 27  -28 26  -10 24    6 28   20 69   88 71  142 56
 1 -25 0 19
 1 -25 1 -180 56 -179 54 -155 58 -148 54 -138 58 -130 54 -115 57  -85 59  -70 27
 1 -25 2  -35 26  -30 27  -28 26  -10 24    6 28   20 69   83 71   84 69   88 71
 1 -25 3  142 56
 1 -26 0 20
 1 -26 1 -180 56 -179 54 -155 58 -117 54 -115 57  -98 59  -90 57  -86 59  -70 27
 1 -26 2  -35 26  -10 24    6 29   11 28   20 69   39 68   40 69   82 71   84 69
 1 -26 3   88 71  142 56
 1 -27 0 17
 1 -27 1 -180 56 -179 54 -155 58 -115 57 -101 59  -70 27  -41 26  -40 27  -35 26
 1 -27 2  -10 24    5 29   11 28   20 69   38 68   40 69   81 71  142 56
 1 -28 0 19
 1 -28 1 -180 56 -179 54 -162 58 -111 57 -104 59  -74 61  -73 59  -70 27  -43 26
 1 -28 2  -10 24    4 29   11 28   20 69   38 68   40 69   61 71   62 69   77 71
 1 -28 3  142 56
 1 -29 0 27
 1 -29 1 -180 54 -162 58 -111 57 -105 59  -78 61  -77 59  -75 61  -72 59  -70 27
 1 -29 2  -46 26  -45 27  -43 26  -24 29  -21 26  -14 24    3 29   11 28   20 69
 1 -29 3   36 68   41 69   60 71   62 69   75 71  108 66  109 71  111 66  142 56
 1 -30 0 24
 1 -30 1 -180 54 -171 58 -170 54 -169 58 -111 59  -80 61  -70 27  -46 26  -24 29
 1 -30 2  -21 26  -18 29  -14 24    3 29   11 28   20 69   33 68   41 69   60 71
 1 -30 3  100 66  104 71  107 66  109 71  111 66  142 56
 1 -31 0 15
 1 -31 1 -180 64 -173 58 -113 59  -90 61  -70 26  -24 29  -13 24    3 29   12 28
 1 -31 2   20 69   32 68   40 69   60 71   97 66  142 56
 1 -32 0 23
 1 -32 1 -180 64 -173 58 -145 59 -132 58 -113 59 -100 61  -70 26  -26 29  -13 24
 1 -32 2    3 29   12 28   20 69   31 68   43 69   44 68   45 69   60 71   88 66
 1 -32 3  142 64  154 56  161 64  163 56  179 64
 1 -33 0 25
 1 -33 1 -180 64 -173 58 -145 59 -105 61  -70 26  -38 29  -36 26  -32 29  -28 26
 1 -33 2  -26 29  -13 24    2 29   12 28   20 69   30 68   45 69   60 71   88 66
 1 -33 3  142 64  153 56  158 64  159 56  161 64  163 56  179 64
 1 -34 0 22
 1 -34 1 -180 64 -176 58 -145 59 -107 61  -70 26  -40 29  -14 24   -4 29   12 28
 1 -34 2   25 68   26 69   29 68   45 69   60 71   87 66  142 64  154 56  157 64
 1 -34 3  159 56  161 64  170 56  178 64
 1 -35 0 21
 1 -35 1 -180 64 -176 58 -145 59 -108 61  -70 30  -55 26  -49 29  -16 24   -4 29
 1 -35 2   13 28   14 29   15 28   25 68   45 69   60 71   77 66  142 64  154 56
 1 -35 3  155 64  171 56  178 64
 1 -36 0 16
 1 -36 1 -180 64 -177 58 -156 59 -113 60 -111 61  -70 30  -53 26  -51 29  -16 24
 1 -36 2   -7 29   18 28   24 68   45 69   64 71   77 66  142 64
 1 -37 0 23
 1 -37 1 -180 64 -177 58 -156 59 -127 60 -111 61  -70 36  -54 30  -52 29  -10 30
 1 -37 2   -5 29   19 28   22 68   33 67   34 68   45 69   64 71   77 66  132 63
 1 -37 3  136 66  142 63  152 64  159 63  160 64
 1 -38 0 34
 1 -38 1 -180 64 -177 58 -170 59 -143 60 -132 59 -127 60 -111 61  -70 36  -55 30
 1 -38 2  -52 29  -50 30  -30 29  -10 30    1 29    6 30    8 29   17 30   18 29
 1 -38 3   20 28   21 68   24 67   28 68   31 67   34 68   45 67   50 69   64 71
 1 -38 4   77 66  109 63  112 66  124 63  152 64  155 63  162 64
 1 -39 0 43
 1 -39 1 -180 64 -176 63 -170 59 -143 60 -111 61 -101 62  -97 61  -90 62  -84 61
 1 -39 2  -70 36  -54 30  -52 29  -51 30  -30 29  -28 30  -16 29  -13 30    5 29
 1 -39 3    6 30   10 29   14 30   18 68   19 29   20 28   21 68   23 67   29 68
 1 -39 4   30 67   34 68   45 67   51 69   65 71   77 66  100 63  104 66  108 63
 1 -39 5  113 66  124 63  151 64  156 63  162 64  166 63  170 64
 1 -40 0 28
 1 -40 1 -180 64 -176 63 -170 59 -143 60 -111 61 -101 62  -82 61  -70 36  -53 30
 1 -40 2  -52 29  -51 30  -48 31  -40 30   11 29   14 30   18 68   22 67   53 69
 1 -40 3   66 71   75 66   99 63  106 66  107 63  149 64  156 63  162 64  165 63
 1 -40 4  170 64
 1 -41 0 26
 1 -41 1 -180 63 -178 64 -176 63 -170 59 -150 60 -112 61 -109 62  -80 61  -70 36
 1 -41 2  -54 30  -48 31  -40 30   19 68   20 30   26 67   55 69   64 67   67 71
 1 -41 3   74 63   79 66   97 63  131 65  135 63  149 64  152 63  170 64
 1 -42 0 25
 1 -42 1 -180 63 -170 59 -150 60 -112 61 -109 62  -77 61  -70 36  -55 31  -54 30
 1 -42 2  -53 31  -52 30  -48 31  -35 30   -6 31   -3 30   -1 31    2 30   54 67
 1 -42 3   60 69   64 67   69 71   72 63  130 65  135 63  177 64
 1 -43 0 31
 1 -43 1 -180 63 -170 59 -156 60 -113 62  -76 61  -70 36  -55 31  -54 30  -53 31
 1 -43 2  -51 30  -49 31  -30 30  -28 31  -17 30  -10 31    2 30    8 31   10 30
 1 -43 3   15 31   16 30   40 31   44 30   46 31   53 30   58 67   69 30   78 63
 1 -43 4  130 65  139 63  156 65  157 63
 1 -44 0 27
 1 -44 1 -180 63 -170 59 -156 60 -113 62  -76 61  -70 36  -55 31  -51 30  -49 31
 1 -44 2   11 30   14 31   16 30   20 31   21 30   30 31   48 36   52 31   57 30
 1 -44 3   62 67   66 30   90 63  128 65  141 63  155 65  158 63  160 65  163 63
 1 -45 0 27
 1 -45 1 -180 60 -179 63 -170 59 -156 60 -113 62  -75 61  -70 36  -54 31  -46 36
 1 -45 2  -44 31  -27 36  -18 31   -8 36    2 31   12 30   13 31   47 36   56 31
 1 -45 3   57 30   67 31   72 62   74 30   96 63  128 65  142 63  151 65  169 60
 1 -46 0 29
 1 -46 1 -180 60 -179 63 -170 59 -156 60 -122 62  -75 61  -70 36  -55 31  -46 36
 1 -46 2  -31 31  -28 36  -18 31  -10 36    3 31   20 36   22 31   36 36   56 31
 1 -46 3   68 36   73 62   95 30  104 63  109 30  121 63  128 65  144 63  151 65
 1 -46 4  169 60  175 62
 1 -47 0 25
 1 -47 1 -180 60 -176 63 -170 59 -156 60 -124 62  -74 61  -70 36  -55 31  -45 36
 1 -47 2  -30 31  -28 36   25 31   34 36   58 31   64 36   70 33   72 36   77 62
 1 -47 3  103 30  125 63  128 65  145 63  151 65  167 60  171 62
 1 -48 0 33
 1 -48 1 -180 62 -178 60 -176 63 -170 59 -156 60 -124 62  -74 61  -70 36  -54 31
 1 -48 2  -51 36  -47 31  -45 36  -27 33  -23 36   -8 33    0 36   25 31   32 36
 1 -48 3   36 33   40 36   47 33   57 36   67 33   75 36   91 62   95 36   99 62
 1 -48 4  118 30  126 65  147 63  151 65  167 60  169 62
 1 -49 0 27
 1 -49 1 -180 62 -178 60 -173 63 -170 59 -156 60 -124 62  -75 61  -70 36  -54 31
 1 -49 2  -53 36  -40 33  -36 36  -35 33  -32 36  -30 33   21 36   28 31   31 33
 1 -49 3   78 36   91 62   95 36  111 62  115 36  117 62  142 65  165 60  169 62
 1 -50 0 22
 1 -50 1 -180 62 -174 60 -124 62  -75 61  -70 36  -45 33   32 34   37 33   79 36
 1 -50 2   88 33   90 36   91 62   95 36  107 33  110 36  125 62  144 65  149 62
 1 -50 3  151 60  154 65  162 60  169 62
 1 -51 0 17
 1 -51 1 -180 62 -173 60 -124 62  -75 61  -70 62  -60 36  -50 33   27 34   38 33
 1 -51 2   90 36   97 33  116 36  143 62  146 65  149 62  151 60  169 62
 1 -52 0 23
 1 -52 1 -180 62 -150 60 -127 62  -75 61  -70 62  -60 36  -50 33  -43 34  -36 33
 1 -52 2   -3 34   16 33   18 34   39 33   92 36   97 33  124 36  144 62  153 60
 1 -52 3  162 62  163 60  167 62  175 36  178 62
 1 -53 0 25
 1 -53 1 -180 36 -178 62 -138 60 -128 62  -74 61  -70 62  -62 36  -50 33  -43 34
 1 -53 2  -26 33  -10 34   10 35   15 34   42 33   54 34   57 33   83 34   91 33
 1 -53 3  124 36  140 33  143 36  148 62  164 60  168 62  174 36
 1 -54 0 29
 1 -54 1 -180 36 -178 62 -165 36 -150 62 -145 36 -139 62 -132 60 -128 62  -74 61
 1 -54 2  -70 62  -65 36  -49 33  -41 34  -33 35  -29 34    0 35   25 34   60 33
 1 -54 3   80 34  100 33  133 36  139 33  147 36  159 62  162 36  163 62  165 60
 1 -54 4  168 62  174 36
 1 -55 0 25
 1 -55 1 -180 36 -178 62 -175 36 -141 33 -140 36 -133 62 -124 36 -118 62  -65 36
 1 -55 2  -54 33  -40 34  -33 35  -23 34    0 35   25 34   60 33   78 34  100 33
 1 -55 3  134 36  139 33  147 36  164 62  166 60  168 62  169 36
 1 -56 0 29
 1 -56 1 -180 36 -156 33 -134 36 -129 62 -124 36  -81 62  -71 36  -68 62  -66 36
 1 -56 2  -56 33  -45 34  -41 33  -40 34  -32 35  -20 34   -2 35   15 32   16 35
 1 -56 3   18 32   22 35   25 34   60 33   78 34  108 33  147 36  158 33  163 36
 1 -56 4  165 62  169 36
 1 -57 0 23
 1 -57 1 -180 36 -156 33 -131 36 -129 62 -124 36  -76 62  -71 36  -68 62  -67 36
 1 -57 2  -58 33  -47 34  -31 35  -20 34   -3 35    6 32   16 35   18 32   22 35
 1 -57 3   23 34   64 33   68 34  108 33  164 36
 1 -58 0 25
 1 -58 1 -180 36 -164 33 -145 38 -141 33 -131 36  -70 33  -69 36  -65 33  -62 36
 1 -58 2  -60 33  -56 34  -31 35  -20 34  -10 35   -2 32    0 35    6 32   16 35
 1 -58 3   18 32   22 35   23 34  108 33  148 34  150 33  165 36
 1 -59 0 22
 1 -59 1 -180 36 -168 33 -148 38 -140 37 -136 33 -118 36  -91 33  -88 36  -71 33
 1 -59 2  -58 34  -37 35  -34 34  -32 35   -2 32   16 35   18 32   22 35   33 34
 1 -59 3  124 33  146 34  151 33  167 36
 1 -60 0 27
 1 -60 1 -180 36 -168 33 -150 38 -140 37 -136 33 -108 36 -102 33 -100 36  -95 33
 1 -60 2  -88 36  -77 33  -74 36  -71 33  -62 34  -51 32  -39 35  -10 32   15 35
 1 -60 3   20 32   22 35   34 34   80 35   86 34  124 33  146 34  157 33  167 36
 1 -61 0 21
 1 -61 1 -180 33 -150 38 -140 37 -124 33  -80 36  -78 33  -64 34  -53 32  -23 35
 1 -61 2  -16 32   13 35   35 34   80 35   86 34  125 33  146 34  152 38  154 34
 1 -61 3  162 33  168 36  173 33
 1 -62 0 17
 1 -62 1 -180 33 -152 38 -140 37 -124 33  -70 37  -66 33  -65 34  -57 32   13 35
 1 -62 2   35 34   80 35   88 34  129 33  132 34  152 38  156 34  163 33
 1 -63 0 13
 1 -63 1 -180 33 -158 38 -140 37 -124 33  -75 37  -65 34  -61 32    0 35   42 34
 1 -63 2   80 35  102 34  152 38  165 33
 1 -64 0 19
 1 -64 1 -180 33 -164 38 -140 37 -123 33 -115 37 -110 33  -93 37  -91 33  -80 37
 1 -64 2  -65 34  -62 32    0 35   50 34   80 35   94 32  101 35  118 34  152 38
 1 -64 3  175 33
 1 -65 0 22
 1 -65 1 -180 38 -177 33 -168 38 -142 37 -123 33 -115 37 -107 33  -93 37  -88 33
 1 -65 2  -84 37  -65 32    0 35   52 34   55 35   81 32  110 35  115 32  116 35
 1 -65 3  121 32  133 34  145 32  152 38
 1 -66 0 16
 1 -66 1 -180 38 -174 33 -172 38 -142 37 -118 33 -116 37  -88 33  -84 37  -66 32
 1 -66 2    0 35   45 32   52 34   55 32   58 35   70 32  152 38
 1 -67 0  8
 1 -67 1 -180 38 -142 37  -68 32    0 35   42 32   52 34   55 32  163 38
 1 -68 0  6
 1 -68 1 -180 38 -142 37  -68 32    0 35   31 32  166 38
 1 -69 0  6
 1 -69 1 -180 38 -142 37  -68 32    0 35   23 32  167 38
 1 -70 0  4
 1 -70 1 -180 38 -142 37  -76 32  167 38
 1 -71 0  9
 1 -71 1 -180 38 -142 37 -130 39 -120 37 -105 39 -101 37  -94 32  167 39  173 38
 1 -72 0  6
 1 -72 1 -180 38 -142 37 -130 39 -100 32  110 39  179 38
 1 -73 0  6
 1 -73 1 -180 38 -142 37 -133 39 -100 32  110 39  179 38
 1 -74 0  5
 1 -74 1 -180 38 -142 37 -139 39 -100 32  110 39
 1 -75 0  5
 1 -75 1 -180 39 -177 38 -147 39 -100 32  110 39
 1 -76 0  5
 1 -76 1 -180 39 -174 38 -164 39 -100 32  110 39
 1 -77 0  5
 1 -77 1 -180 39 -170 38 -164 39 -100 32  110 39
 1 -78 0  3
 1 -78 1 -180 39 -100 32  110 39
 1 -79 0  3
 1 -79 1 -180 39 -100 32  110 39
 1 -80 0  3
 1 -80 1 -180 39 -100 32  110 39
 1 -81 0  3
 1 -81 1 -180 39 -100 32  110 39
 1 -82 0  3
 1 -82 1 -180 39 -100 32  110 39
 1 -83 0  3
 1 -83 1 -180 39 -100 32  110 39
 1 -84 0  3
 1 -84 1 -180 39 -100 32  110 39
 1 -85 0  3
 1 -85 1 -180 39 -100 32  110 39
 1 -86 0  3
 1 -86 1 -180 39 -100 32  110 39
 1 -87 0  3
 1 -87 1 -180 39 -100 32  110 39
 1 -88 0  3
 1 -88 1 -180 39 -100 32  110 39
 1 -89 0  3
 1 -89 1 -180 39 -100 32  110 39
 1 -90 0  3
 1 -90 1 -180 39 -100 32  110 39
 1 -91 0  0

